DMD 2.0
New object
TriMesh()
numverts numfaces
   81        144
Mesh vertices:
	-4.76837e-006 -1.40667e-005 750.0
	-1.71661e-005 287.013 692.91
	-109.835 265.165 692.91
	-202.949 202.949 692.91
	-265.165 109.835 692.91
	-287.013 -3.91006e-005 692.91
	-265.165 -109.835 692.91
	-202.949 -202.949 692.91
	-109.835 -265.165 692.91
	3.29018e-005 -287.013 692.91
	109.835 -265.165 692.91
	202.949 -202.949 692.91
	265.165 -109.835 692.91
	287.013 3.60012e-005 692.91
	265.165 109.835 692.91
	202.948 202.949 692.91
	109.835 265.165 692.91
	-2.7895e-005 530.33 530.33
	-202.949 489.961 530.33
	-375.0 375.0 530.33
	-489.961 202.949 530.33
	-530.33 -6.05583e-005 530.33
	-489.961 -202.949 530.33
	-375.0 -375.0 530.33
	-202.949 -489.961 530.33
	6.48499e-005 -530.33 530.33
	202.949 -489.961 530.33
	375.0 -375.0 530.33
	489.961 -202.948 530.33
	530.33 7.86781e-005 530.33
	489.961 202.949 530.33
	375.0 375.0 530.33
	202.948 489.961 530.33
	-3.50475e-005 692.91 287.013
	-265.165 640.165 287.013
	-489.961 489.961 287.013
	-640.165 265.165 287.013
	-692.91 -7.43866e-005 287.013
	-640.165 -265.165 287.013
	-489.961 -489.961 287.013
	-265.165 -640.165 287.013
	8.63075e-005 -692.91 287.013
	265.165 -640.165 287.013
	489.961 -489.961 287.013
	640.165 -265.165 287.013
	692.91 0.000107288 287.013
	640.165 265.165 287.013
	489.961 489.961 287.013
	265.165 640.165 287.013
	-3.76701e-005 750.0 0.000225067
	-287.013 692.91 0.000221252
	-530.33 530.33 0.000213623
	-692.91 287.013 0.000217438
	-750.0 -7.96318e-005 0.000221252
	-692.91 -287.013 0.000225067
	-530.33 -530.33 0.000228882
	-287.012 -692.91 0.000221252
	9.36985e-005 -750.0 0.000217438
	287.013 -692.91 0.000221252
	530.33 -530.33 0.000228882
	692.91 -287.012 0.000225067
	750.0 0.000117302 0.000221252
	692.91 287.013 0.000217438
	530.33 530.33 0.000213623
	287.012 692.91 0.000221252
	-3.50475e-005 692.91 -287.012
	-265.165 640.165 -287.012
	-489.961 489.961 -287.012
	-640.165 265.165 -287.012
	-692.91 -7.43866e-005 -287.012
	-640.165 -265.165 -287.012
	-489.961 -489.961 -287.012
	-265.165 -640.165 -287.012
	8.63075e-005 -692.91 -287.012
	265.165 -640.165 -287.012
	489.961 -489.961 -287.012
	640.165 -265.165 -287.012
	692.91 0.000107288 -287.012
	640.165 265.165 -287.012
	489.961 489.961 -287.012
	265.165 640.165 -287.012
end vertices
Mesh faces:
	2 1 3
	3 1 4
	4 1 5
	5 1 6
	6 1 7
	7 1 8
	8 1 9
	9 1 10
	10 1 11
	11 1 12
	12 1 13
	13 1 14
	14 1 15
	15 1 16
	16 1 17
	17 1 2
	18 2 19
	19 2 3
	19 3 20
	20 3 4
	20 4 21
	21 4 5
	21 5 22
	22 5 6
	22 6 23
	23 6 7
	23 7 24
	24 7 8
	24 8 25
	25 8 9
	25 9 26
	26 9 10
	26 10 27
	27 10 11
	27 11 28
	28 11 12
	28 12 29
	29 12 13
	29 13 30
	30 13 14
	30 14 31
	31 14 15
	31 15 32
	32 15 16
	32 16 33
	33 16 17
	33 17 18
	18 17 2
	34 18 35
	35 18 19
	35 19 36
	36 19 20
	36 20 37
	37 20 21
	37 21 38
	38 21 22
	38 22 39
	39 22 23
	39 23 40
	40 23 24
	40 24 41
	41 24 25
	41 25 42
	42 25 26
	42 26 43
	43 26 27
	43 27 44
	44 27 28
	44 28 45
	45 28 29
	45 29 46
	46 29 30
	46 30 47
	47 30 31
	47 31 48
	48 31 32
	48 32 49
	49 32 33
	49 33 34
	34 33 18
	50 34 51
	51 34 35
	51 35 52
	52 35 36
	52 36 53
	53 36 37
	53 37 54
	54 37 38
	54 38 55
	55 38 39
	55 39 56
	56 39 40
	56 40 57
	57 40 41
	57 41 58
	58 41 42
	58 42 59
	59 42 43
	59 43 60
	60 43 44
	60 44 61
	61 44 45
	61 45 62
	62 45 46
	62 46 63
	63 46 47
	63 47 64
	64 47 48
	64 48 65
	65 48 49
	65 49 50
	50 49 34
	66 50 67
	67 50 51
	67 51 68
	68 51 52
	68 52 69
	69 52 53
	69 53 70
	70 53 54
	70 54 71
	71 54 55
	71 55 72
	72 55 56
	72 56 73
	73 56 57
	73 57 74
	74 57 58
	74 58 75
	75 58 59
	75 59 76
	76 59 60
	76 60 77
	77 60 61
	77 61 78
	78 61 62
	78 62 79
	79 62 63
	79 63 80
	80 63 64
	80 64 81
	81 64 65
	81 65 66
	66 65 50
end faces
end mesh
Material:
diffuse color
	150.0 150.0 150.0
ambient color
	150.0 150.0 150.0
specular color
	229.5 229.5 229.5
glossiness
	10.0
opacity
	100.0
diffuse map
sky_day.bmp
bump map
None
specular map
None
end material
New Texture:
numtverts numtvfaces
   106        144
Texture vertices:
	0.996094 1.0 0.0
	0.996094 0.882813 0.0
	0.871094 0.882813 0.0
	0.871094 1.0 0.0
	0.746094 0.882813 0.0
	0.746094 1.0 0.0
	0.621094 0.882813 0.0
	0.621094 1.0 0.0
	0.496094 0.882813 0.0
	0.496094 1.0 0.0
	0.378906 0.882813 0.0
	0.378906 1.0 0.0
	0.253906 0.882813 0.0
	0.253906 1.0 0.0
	0.128906 0.882813 0.0
	0.128906 1.0 0.0
	0.00390625 0.882813 0.0
	0.996094 0.757813 0.0
	0.871094 0.757813 0.0
	0.746094 0.757813 0.0
	0.621094 0.757813 0.0
	0.496094 0.757813 0.0
	0.378906 0.757813 0.0
	0.253906 0.757813 0.0
	0.128906 0.757813 0.0
	0.00390625 0.757813 0.0
	0.996094 0.640625 0.0
	0.871094 0.640625 0.0
	0.746094 0.640625 0.0
	0.621094 0.640625 0.0
	0.496094 0.640625 0.0
	0.378906 0.640625 0.0
	0.253906 0.640625 0.0
	0.128906 0.640625 0.0
	0.00390625 0.640625 0.0
	0.996094 0.519531 0.0
	0.871094 0.519531 0.0
	0.746094 0.519531 0.0
	0.621094 0.519531 0.0
	0.496094 0.519531 0.0
	0.378906 0.519531 0.0
	0.253906 0.519531 0.0
	0.128906 0.519531 0.0
	0.00390625 0.519531 0.0
	0.996094 0.5 0.0
	0.871094 0.5 0.0
	0.746094 0.5 0.0
	0.621094 0.5 0.0
	0.496094 0.5 0.0
	0.378906 0.5 0.0
	0.253906 0.5 0.0
	0.128906 0.5 0.0
	0.00390625 0.5 0.0
	0.00390625 0.882813 0.0
	0.00390625 1.0 0.0
	0.128906 0.882813 0.0
	0.128906 1.0 0.0
	0.253906 0.882813 0.0
	0.253906 1.0 0.0
	0.378906 0.882813 0.0
	0.378906 1.0 0.0
	0.503906 0.882813 0.0
	0.503906 1.0 0.0
	0.621094 0.882813 0.0
	0.621094 1.0 0.0
	0.746094 0.882813 0.0
	0.746094 1.0 0.0
	0.871094 0.882813 0.0
	0.871094 1.0 0.0
	0.996094 0.882813 0.0
	0.00390625 0.757813 0.0
	0.128906 0.757813 0.0
	0.253906 0.757813 0.0
	0.378906 0.757813 0.0
	0.503906 0.757813 0.0
	0.621094 0.757813 0.0
	0.746094 0.757813 0.0
	0.871094 0.757813 0.0
	0.996094 0.757813 0.0
	0.00390625 0.640625 0.0
	0.128906 0.640625 0.0
	0.253906 0.640625 0.0
	0.378906 0.640625 0.0
	0.503906 0.640625 0.0
	0.621094 0.640625 0.0
	0.746094 0.640625 0.0
	0.871094 0.640625 0.0
	0.996094 0.640625 0.0
	0.00390625 0.519531 0.0
	0.128906 0.519531 0.0
	0.253906 0.519531 0.0
	0.378906 0.519531 0.0
	0.503906 0.519531 0.0
	0.621094 0.519531 0.0
	0.746094 0.519531 0.0
	0.871094 0.519531 0.0
	0.996094 0.519531 0.0
	0.00390625 0.5 0.0
	0.128906 0.5 0.0
	0.253906 0.5 0.0
	0.378906 0.5 0.0
	0.503906 0.5 0.0
	0.621094 0.5 0.0
	0.746094 0.5 0.0
	0.871094 0.5 0.0
	0.996094 0.5 0.0
end texture vertices
Texture faces:
	54 55 56
	56 57 58
	58 59 60
	60 61 62
	62 63 64
	64 65 66
	66 67 68
	68 69 70
	2 1 3
	3 4 5
	5 6 7
	7 8 9
	9 10 11
	11 12 13
	13 14 15
	15 16 17
	71 54 72
	72 54 56
	72 56 73
	73 56 58
	73 58 74
	74 58 60
	74 60 75
	75 60 62
	75 62 76
	76 62 64
	76 64 77
	77 64 66
	77 66 78
	78 66 68
	78 68 79
	79 68 70
	18 2 19
	19 2 3
	19 3 20
	20 3 5
	20 5 21
	21 5 7
	21 7 22
	22 7 9
	22 9 23
	23 9 11
	23 11 24
	24 11 13
	24 13 25
	25 13 15
	25 15 26
	26 15 17
	80 71 81
	81 71 72
	81 72 82
	82 72 73
	82 73 83
	83 73 74
	83 74 84
	84 74 75
	84 75 85
	85 75 76
	85 76 86
	86 76 77
	86 77 87
	87 77 78
	87 78 88
	88 78 79
	27 18 28
	28 18 19
	28 19 29
	29 19 20
	29 20 30
	30 20 21
	30 21 31
	31 21 22
	31 22 32
	32 22 23
	32 23 33
	33 23 24
	33 24 34
	34 24 25
	34 25 35
	35 25 26
	89 80 90
	90 80 81
	90 81 91
	91 81 82
	91 82 92
	92 82 83
	92 83 93
	93 83 84
	93 84 94
	94 84 85
	94 85 95
	95 85 86
	95 86 96
	96 86 87
	96 87 97
	97 87 88
	36 27 37
	37 27 28
	37 28 38
	38 28 29
	38 29 39
	39 29 30
	39 30 40
	40 30 31
	40 31 41
	41 31 32
	41 32 42
	42 32 33
	42 33 43
	43 33 34
	43 34 44
	44 34 35
	98 89 99
	99 89 90
	99 90 100
	100 90 91
	100 91 101
	101 91 92
	101 92 102
	102 92 93
	102 93 103
	103 93 94
	103 94 104
	104 94 95
	104 95 105
	105 95 96
	105 96 106
	106 96 97
	45 36 46
	46 36 37
	46 37 47
	47 37 38
	47 38 48
	48 38 39
	48 39 49
	49 39 40
	49 40 50
	50 40 41
	50 41 51
	51 41 42
	51 42 52
	52 42 43
	52 43 53
	53 43 44
end texture faces
end of texture
end of file